,Count,Total Return,Average Return,STD DEV
1,2519,11.8401895881,1.00098162465,0.0205153837201
2,2519,1.56838145127,1.00017867581,0.0189146681698
3,366,1.45830230852,1.00103133189,0.0222958488998
4,2519,1.17483496787,1.00006396699,0.0215147314285
5,2519,1.42738488656,1.00014127398,0.0220214359031
6,2519,4.56830000246,1.00060325499,0.0202130142388
7,2519,5.51685092824,1.00067820018,0.028160604706
8,2519,1.42014680319,1.00013925553,0.0226009146703
9,1182,2.12083564614,1.00063625155,0.0259335960022
10,2519,2.89814523388,1.00042250724,0.0190457354797
11,2519,1.44723309106,1.00014675691,0.0256366440495
12,2519,4.39420579442,1.00058782129,0.0275547971604
13,948,3.23692260249,1.00123982181,0.0148575169592
14,2519,1.25812168454,1.00009115933,0.0243950433213
15,2519,2.36410620384,1.00034162246,0.0254524224722
16,2519,1.94257745587,1.00026363764,0.0217076525696
17,864,2.78252161441,1.00118514336,0.0216891642265
18,2519,1.33068586158,1.00011342227,0.0217834849391
19,2439,2.03137123621,1.00029061666,0.0186925562697
20,617,1.279292,1.00039928034,0.0169084510374
21,711,2.40490916364,1.00123495621,0.0283161182524
22,2519,1.78836664935,1.00023079388,0.0221938727522
23,2519,6.3896243192,1.00073654562,0.0283980681631
24,2519,1.87855120739,1.0002503294,0.0269395316873
25,2519,2.21997825058,1.00031664297,0.0215957227797
26,2519,1.34742457284,1.00011838535,0.0291862123361
27,2519,2.0084794061,1.00027688546,0.024234706393
28,2329,1.74746857932,1.00023968875,0.0204378425689
29,2519,8.95920854594,1.00087083624,0.025736378321
30,2519,2.28777937994,1.00032858976,0.0179889137447
31,2519,1.62943081086,1.00019383806,0.0299470138519
32,2519,2.35301707976,1.00033975535,0.0213366473662
33,451,0.199460916442,0.996431798136,0.0437471788653
34,2510,0.836609440504,0.999928927651,0.0244037006393
35,2519,0.514136700522,0.999735935588,0.0366530918486
36,2519,3.62195759447,1.00051105339,0.0187325795667
37,1225,3.71566840178,1.00107205063,0.024728185279
38,2519,1.48369560474,1.00015663633,0.0250142027345
39,2519,2.41703998066,1.00035041614,0.0217459834167
40,1424,2.0791512679,1.00051414882,0.0325909530307
41,855,0.332962123253,0.998714596968,0.0356043532764
42,2519,1.20557352585,1.00007422086,0.0295203534124
43,2519,4.07729767142,1.00055808915,0.0215842502483
44,2519,4.61001104316,1.00060686539,0.021495816929
45,420,1.21377065609,1.00046137249,0.0262236861331
46,506,1.8950001,1.00126407671,0.0269658066616
47,2519,1.48740640734,1.00015762812,0.0196124463328
48,343,1.1078697422,1.00029870064,0.0275663548861
49,1459,0.677956371986,0.999733639085,0.0386717872445
50,1279,1.33238405207,1.00022439566,0.0384379862723
51,2519,3.02731751817,1.00043982552,0.017765957232
52,2519,2.68852657899,1.00039269054,0.0180318588754
53,2519,7.58703131754,1.00080478591,0.0274440511537
54,2519,3.12436971792,1.00045235817,0.0211684333208
55,2519,5.80032582335,1.00069810545,0.0225331951827
56,2519,4.54614909249,1.00060132424,0.0175693505973
57,2425,1.59660371853,1.00019295828,0.0300168169654
58,2519,1.74434912315,1.00022089835,0.0249539385322
59,1123,1.71041283036,1.00047806149,0.0241216251943
60,2519,3.87718529257,1.00053810004,0.0237844808213
61,2519,1.53097716648,1.00016909179,0.01773449084
62,2519,3.223181326,1.00046472441,0.0232618196131
63,2519,2.26065362092,1.00032385314,0.0245606205682
64,1196,3.55569109756,1.00106122277,0.0265568269792
65,2519,2.45504164969,1.0003566113,0.0205839458852
66,637,2.15132871266,1.00120336971,0.016441854032
67,2519,2.74780940952,1.00040135246,0.0153704594455
68,2519,4.22828894164,1.00057253279,0.0199391296593
69,1246,1.75563700676,1.00045181292,0.0292138782887
70,2519,1.47903909562,1.00015538826,0.0262703512153
71,1764,4.78998773547,1.00088844877,0.0181843400117
72,2519,7.49079103955,1.00079971397,0.0238267326458
73,1854,4.61492154031,1.00082520268,0.0261345778092
74,2519,12.1892742902,1.00099317108,0.0198409692997
75,2519,7.54621225082,1.00080264261,0.0214973961899
76,2519,1.1328533377,1.00004952069,0.0257351696693
77,1305,3.29030366295,1.00091304482,0.0229382317549
78,2519,2.77895288207,1.00040582833,0.0234100189995
79,976,0.976354660099,0.999975482496,0.0331260751611
80,889,0.350277777778,0.998820686052,0.0392534750102
81,1330,0.3,0.999095166899,0.0340485988897
82,2519,1.39966722703,1.00013348827,0.015874316202
83,2519,2.0447185865,1.00028398639,0.0174899456304
84,2519,1.71646634092,1.00021450007,0.0230438241964
85,2519,1.38032487595,1.00012796328,0.0206115840682
86,2519,2.86596929943,1.00041807332,0.0253016354835
87,1251,2.63159777547,1.00077375337,0.0172823440138
88,1544,0.890537133576,0.999924918313,0.0186940987349
89,2519,1.52453436848,1.00016741736,0.0276712058784
90,2519,4.37571887861,1.00058614664,0.029284491039
91,2519,1.39306101796,1.00013160989,0.0269383816606
92,2519,2.37573082339,1.00034357036,0.0178734679921
93,2519,0.798318590951,0.999910584576,0.0252827699565
94,2519,0.672256444493,0.999842364392,0.0259789680292
95,2519,0.94190815983,0.999976241845,0.0280238977904
96,1452,3.13393361741,1.00078700992,0.0231325982246
97,2433,9.94883689922,1.00094473519,0.0313750986972
98,2519,1.83406991581,1.00024081402,0.0297601353445
99,2489,6.4425529078,1.00074874336,0.0384080455493
100,2519,1.25466613221,1.00009006738,0.025990027519
101,2519,1.4132819315,1.00013733162,0.0233249942882
102,2519,2.82205741795,1.0004119412,0.0295020805818
103,2519,0.669947856432,0.999840998987,0.0282601849209
104,2519,3.36924291991,1.00048232671,0.0271443684245
105,2519,4.2328429374,1.00057296037,0.0223639770576
106,2519,1.84500572234,1.00024317461,0.0318941812479
107,875,0.438569503502,0.999058458412,0.0255877141054
108,2519,0.882170172084,0.999950231368,0.0309153856924
109,2519,1.50302061994,1.00016177443,0.0517630244016
110,2519,0.881454061159,0.999949908999,0.0303483941824
111,1123,5.9268572,1.0015858457,0.0253129318126
112,1590,3.21364458723,1.00073448701,0.026779180056
113,721,1.46441425836,1.00052920425,0.0310128381194
114,2519,0.817021644329,0.99991977706,0.0267221744537
115,2519,0.394876732969,0.999631198778,0.0344481732677
116,2519,1.12986412325,1.00004847175,0.0258458934474
117,2519,1.47376952855,1.00015397113,0.0302426906696
118,1711,0.37323563937,0.999424160413,0.0270584356175
119,2519,1.28764052434,1.00010036688,0.0383517119668
120,803,1.08219182648,1.00009837153,0.0318767679252
121,1334,0.695584415584,0.999727920903,0.03585732655
122,2519,1.63592467111,1.00019541734,0.0277038074237
123,2519,0.463340427485,0.999694650348,0.0377237962114
124,2519,0.222135279488,0.999402929919,0.0389556326547
125,2519,0.483146067416,0.999711261918,0.0415669844294
126,1331,0.806629834254,0.999838562687,0.0379536402426
127,1082,1.0159626661,1.00001463652,0.0271142760737
128,1483,0.365131578947,0.999320866252,0.027196887387
129,2519,0.668197028882,0.999839960328,0.0378961342762
130,2571,2.27575488455,1.00031989239,0.0152646851485
131,2519,1.67456439586,1.00020468671,0.0251131414065
132,2519,1.37708324153,1.00012702977,0.0323943320312
133,2519,1.56739152058,1.00017842512,0.024217167563
134,2519,2.44663195585,1.00035524862,0.0282910249298
135,2519,2.59342982331,1.00037838886,0.021814981496
136,673,1.5106307227,1.0006131556,0.0161519984521
137,2468,2.72468595793,1.00040622235,0.0287001008926
138,2519,2.10902195877,1.0002962822,0.02512461637
139,2519,2.54502186007,1.0003709061,0.0248514870904
140,801,0.793058626615,0.999710581053,0.0166832737638
141,2360,3.84733525427,1.00057108706,0.0241093453786
142,2519,2.99432577911,1.00043547355,0.018524817258
143,2519,0.989240374872,0.999995705476,0.0263029005051
144,987,1.82899904074,1.00061190836,0.0169872515446
145,2519,12.2434424545,1.00099493308,0.0322732073579
146,1712,2.79073843862,1.00059965766,0.0147811961038
147,745,0.984648686555,0.999979234625,0.020726997629
148,804,0.532193427219,0.999215794875,0.024764868501
149,2519,7.26183580706,1.00078738115,0.0284547885529
150,2519,1.60313023942,1.00018737687,0.0180329493006
151,871,1.29023883697,1.00029261151,0.0309889406947
152,2519,0.894295327063,0.999955650362,0.0378570576269
153,2519,21.9332019264,1.00122663561,0.0260012251895
154,2519,5.20476335625,1.00065506728,0.0173296736328
155,2519,3.13697850927,1.00045395774,0.0196209739788
156,2519,32.6360458079,1.00138460889,0.0262764667917
157,2519,6.63097795267,1.00075127544,0.0169537626973
158,2519,44.0660092789,1.00150398365,0.0353509704936
159,2519,1.15034371495,1.00005560328,0.0190835415081
160,1857,3.14370023104,1.00061699184,0.0162545165999
161,2519,8.14488342454,1.00083297473,0.0178114890451
162,2519,5.60590797351,1.00068456173,0.0156581231133
163,2519,8.52964592453,1.00085131407,0.018181402075
164,2519,6.19910431396,1.00072451991,0.0192283283601
165,2519,3.17428981496,1.00045865375,0.0238264904383
166,2519,4.0246902325,1.00055293088,0.0286516461046
167,2375,9.67208506416,1.00095592773,0.0318683945043
168,2519,2.60241848335,1.00037976292,0.0145802356618
169,2519,5.6729690882,1.00068928573,0.02119383551
170,2519,1.00825027733,1.00000326179,0.0268008176841
171,2519,3.96682770322,1.00054717891,0.0202197364587
172,2519,5.28577878104,1.000661203,0.0222043943509
173,2519,0.821776700695,0.999922080616,0.0282490520999
174,1337,1.57231323962,1.00033853742,0.0273069480725
175,2519,2.37354703914,1.00034320516,0.0260561521369
176,2519,1.30655295961,1.00010615583,0.0263818355826
177,2519,2.49840678728,1.00036356478,0.0240573841302
178,2519,1.75184670192,1.00022260139,0.0230916057253
179,2519,4.28137572893,1.00057748879,0.0241590733435
180,2519,0.988139792986,0.999995263568,0.0205184982714
181,2519,1.56652461806,1.00017820545,0.027151837654
182,2519,1.16883126336,1.00006193297,0.0263399491148
183,2519,0.622135317757,0.999811610579,0.0223501834535
184,696,1.31551110458,1.00039407944,0.01940655153
185,2519,0.450458617723,0.999683460564,0.0233567252451
186,1167,4.02296927331,1.00119353111,0.0172950661783
187,2519,2.00141992435,1.00027548728,0.0257161618858
188,2519,1.78279190341,1.00022955418,0.0251567588769
189,2519,1.87731967761,1.000250069,0.0284570317476
190,881,3.89004402239,1.00154309681,0.0217765571275
191,2519,2.22657962963,1.00031782207,0.0282852314513
192,2519,3.99011549467,1.00054950391,0.020977810346
193,2519,2.12951078069,1.00030012136,0.0296428796954
194,998,1.72285679248,1.00054522257,0.015768244443
195,2519,0.884916201117,0.999951465121,0.0267030392238
196,2519,2.66583358183,1.0003893242,0.0295941958395
197,912,1.88983273564,1.00069814746,0.0161553828192
198,2519,0.839872726687,0.999930726927,0.0271919419833
199,2519,0.0843887301646,0.999019012085,0.0328169914807
200,2519,1.80894851893,1.00023533763,0.0351205603118
201,1359,0.150517037514,0.99860753477,0.0435683478153
202,2519,2.82136062384,1.00041184312,0.0103625154439
203,2519,2.05252551542,1.00028549966,0.0143443927415
204,2519,2.07795900999,1.00029038998,0.0165879569041
205,2519,2.88859748143,1.00042119669,0.016059135812
206,2519,3.32920269667,1.00047757841,0.0173819320336
207,2519,3.70469045352,1.00052002389,0.0196151930552
208,1070,2.15829202928,1.00071924655,0.0168111794645
209,2519,9.0860422577,1.00087642171,0.0177909752748
210,2519,2.31763781045,1.00033373908,0.0150493091719
211,2519,4.62565055762,1.0006082107,0.0217122020115
212,2519,3.4214570702,1.00048843465,0.0173880401633
213,2519,6.17061626787,1.00072269004,0.0228272458541
214,2519,17.6864450023,1.00114110254,0.0315191388618
215,2519,11.309701306,1.00096340974,0.023966766996
217,2519,1.86359872797,1.00024715615,0.0227919524999
218,2519,3.91374352492,1.0005418277,0.0337159378892
219,2519,11.6756756073,1.00097606464,0.0289444050993
220,2519,3.90925919743,1.00054137233,0.0207032370396
221,2519,20.0104787425,1.00119017021,0.0361261342494
222,2519,2.29637148107,1.00033007839,0.0208694394081
223,2519,5.10348801724,1.00064726148,0.0273504918904
224,2519,2.6857387511,1.00039227852,0.0185574464781
225,2519,5.32477199634,1.00066412273,0.0181240671558
226,982,1.91237228895,1.00066044662,0.0139744969228
227,956,0.990444444444,0.999989956637,0.0276868505391
228,2519,3.81107491857,1.00053126901,0.0306653948609
229,2519,2.64985018945,1.00038693594,0.0194443909217
230,2519,7.62864089806,1.00080695888,0.0300035423634
231,2519,2.9252283105,1.00042620137,0.0385912419716
232,2519,2.1164021164,1.00029766936,0.0409823656266
233,2519,5.06282741212,1.00064408391,0.0248859678578
234,2519,2.34836072404,1.00033896872,0.065252865554
235,569,0.409334097202,0.998431418519,0.0449377886306
236,2519,2.85669244564,1.00041678571,0.0175825804294
237,2519,2.00832459915,1.00027685485,0.0149968673539
238,2519,3.47791156627,1.00049493466,0.043307844559
239,2519,1.95034689832,1.00026522264,0.0191673789915
240,629,1.33966756958,1.00046500713,0.0154847601913
241,2519,2.2925691672,1.0003294203,0.030822651198
242,2519,0.385093167702,0.999621242854,0.0267890555771
243,2519,3.72179289026,1.00052185327,0.0413476296912
244,1124,5.82989680412,1.00156973546,0.0952366016218
245,919,0.801455721795,0.99975919597,0.0441217182432
246,2519,4.36008687636,1.00058472507,0.0362774685011
247,930,1.86700767689,1.00067155547,0.0500426931977
248,2519,1.21346321191,1.00007681058,0.0198707250017
249,2519,3.25541761684,1.00046867691,0.0140326853205
250,2519,3.25770747965,1.00046895618,0.0151439179525
251,2519,1.89597648837,1.00025399573,0.0186494174277
252,2519,0.9650239745,0.999985866581,0.021266857606
253,2519,2.40314871783,1.00034812721,0.0200867670239
254,2519,4.06823348279,1.00055720515,0.018593401022
255,2519,3.24811349301,1.00046778479,0.0222404946316
256,2519,3.65407189774,1.00051455955,0.0161245099093
257,2519,3.6885880529,1.00051829375,0.0206360628925
258,2519,3.72958483405,1.00052268396,0.0177786870969
259,2519,4.87511834708,1.00062907606,0.0239545906169
260,2519,1.86632470666,1.00024773656,0.0276981769551
261,1394,5.00726674982,1.00115625633,0.018286778594
262,2519,9.36666273643,1.00088850758,0.0211171500972
263,2519,1.30837459964,1.00010670899,0.0266096351967
264,948,2.2041801179,1.00083405608,0.0185228648066
265,848,1.59600840601,1.00055145597,0.0135892695354
266,2519,2.86044753086,1.00041730741,0.019520104982
267,2519,1.18656627932,1.00006791166,0.0260377085512
268,2519,4.5722121755,1.00060359501,0.0349526689585
269,2519,5.38022143164,1.00066823807,0.0211759663683
270,2519,3.23809800089,1.00046655824,0.0180445498177
271,2519,2.03225571016,1.00028155863,0.0272261542038
272,2492,1.68672985782,1.00020980999,0.0249877908917
273,2519,4.04897652767,1.00055532052,0.0200172262885
274,2519,2.80630161625,1.00040971768,0.0181541951751
275,2519,0.682843010522,0.999848566331,0.0351846684055
276,2519,1.06467714574,1.00002487987,0.0341433281915
277,2519,1.46102366142,1.00015052237,0.0266921209856
278,2519,2.8361062184,1.00041391337,0.0244824672259
279,1498,1.41587092285,1.00023216636,0.0182056990603
280,2519,1.87077322109,1.0002486819,0.0214905076626
281,2519,1.11637245773,1.00004370264,0.0256027251
282,2519,1.64173448878,1.00019682496,0.0256027992527
283,993,1.72519083969,1.00054933278,0.0455077822218
284,2519,0.812528398624,0.999917587988,0.0280744018809
285,2519,1.78755736869,1.00023061416,0.0138832905094
286,2519,2.25867144864,1.00032350479,0.013726281415
287,2507,1.42254955033,1.00014059653,0.0310242177851
288,2519,0.628445899118,0.999815616312,0.0372982540318
289,2519,0.451553674984,0.999684424147,0.0393144995907
290,2519,1.01835910937,1.00000722218,0.0179747423701
291,618,1.49545463636,1.00065139372,0.0181497318949
292,2519,0.372549053743,0.999608101202,0.0225708934627
293,2519,0.58942238094,0.999790171982,0.0230568297617
294,2519,0.572715389487,0.999778759536,0.022785735667
295,2519,2.12929030861,1.00030008024,0.0304637313441
296,2519,2.32980640621,1.00033581865,0.0278879667821
297,2519,0.557118128763,0.99976780069,0.0371606762976
298,2519,0.130753557627,0.999192687717,0.0390720538629
299,2519,1.91979334524,1.00025895276,0.0243548928736
300,2519,2.16266550759,1.00030625629,0.0282401252736
301,2519,1.58235037931,1.00018219656,0.0257669957244
302,2519,0.839007695719,0.999930317871,0.0338725271214
303,2519,1.9999935113,1.00027520417,0.0232062062699
304,2519,0.857135924851,0.999938803473,0.0422833058049
305,2519,0.530229117366,0.999748167456,0.040683823745
306,635,1.56435260047,1.00070492876,0.0173469583166
307,1588,3.51998172206,1.00079279256,0.015501501788
308,2519,0.605654310661,0.99980095435,0.0362396009097
309,2519,0.823510657298,0.999922917307,0.0436403919705
310,2519,1.4771139529,1.00015487112,0.0290464818526
311,2519,1.51474162379,1.00016485872,0.0208460895348
312,2519,4.50485742273,1.00059769989,0.0226449713345
313,1839,1.55388675108,1.00023970212,0.0174895350038
314,2519,0.561499390539,0.999770909695,0.0358260924733
315,2519,3.86479726418,1.00053682893,0.0266647565141
316,2519,1.66049146814,1.00020133572,0.0350120785238
317,2505,1.57861137487,1.00018227034,0.0142436261502
318,2519,1.32455938935,1.00011159014,0.0174533956007
319,2519,1.27227847239,1.00009560178,0.0305228675993
320,2519,2.24095430177,1.00032037755,0.0184596241564
321,2519,2.03012725036,1.00028114252,0.0205388937031
322,2519,2.34307799542,1.00033807438,0.0201864434447
323,2519,0.502364524002,0.999726742669,0.0370012229396
324,2519,1.61268063033,1.00018973526,0.0367700724852
325,1554,1.5403846866,1.00027805164,0.0151845703083
326,2519,0.567504142243,0.999775131587,0.032145373736
327,2519,0.283609604229,0.999499864443,0.0367267354573
328,2519,2.23081880475,1.00031857741,0.0200553535786
329,2519,0.928685021213,0.999970629392,0.0260532129161
330,2519,0.829997008695,0.999926031643,0.0274603569569
331,2519,1.92478468278,1.00025998381,0.0111727921155
332,2519,2.79857962624,1.00040862337,0.0120466664376
333,2519,2.86061776824,1.00041733105,0.0112838985362
334,2519,3.882095687,1.00053860277,0.0186080375574
335,2519,2.86295197927,1.00041765498,0.0115975515466
336,2519,4.46946611612,1.0005945669,0.0121013511885
337,958,1.10605952272,1.00010522863,0.0196703512618
338,1908,7.23529469631,1.00103773466,0.0174962781266
339,2519,3.4605447007,1.00049294639,0.0302246269977
340,2519,1.22411726274,1.0000802811,0.0201810925046
341,455,1.65123749365,1.00110286046,0.0186810240595
342,2519,4.32345154037,1.0005813734,0.0280212225491
343,2519,1.93214447122,1.00026149925,0.0123894649323
344,2519,2.59522500419,1.00037866366,0.0161761535931
345,2519,2.18802569588,1.0003108858,0.0175054998632
346,2519,3.86012596961,1.00053634855,0.014193304083
347,2519,2.41146177841,1.00034949858,0.0156483388243
348,2519,2.13172267416,1.00030053361,0.0138352456087
349,2519,1.49073989574,1.00015851696,0.0254650627197
350,2519,0.735294117647,0.999877941273,0.0429927551347
351,214,1.12324367724,1.0005432346,0.0115033193985
352,2519,4.94450176689,1.0006346897,0.0201996595617
353,924,0.576414869698,0.999403935706,0.0219511730932
354,2519,2.36035824944,1.00034099239,0.011876992849
355,2278,3.3619437621,1.0005324153,0.0138346553554
356,2519,2.34970186556,1.00033919545,0.0111182898641
357,2519,5.74027928043,1.00069397148,0.0122003106089
358,440,1.31890058211,1.00062928541,0.0145095964109
359,2519,6.7284440756,1.00075707243,0.0135944554202
360,2519,2.77363965954,1.00040506829,0.0137637720461
361,2519,2.75104030586,1.00040181915,0.0111594193066
362,2519,7.90933487899,1.00082131514,0.0205527836445
363,2519,7.02383372332,1.00077414196,0.0267301521377
364,2519,1.87536813882,1.000249656,0.0115311763149
365,2519,1.55049268217,1.00017412105,0.0205894500193
366,2519,3.493459119,1.00049670625,0.0228388468436
367,2519,2.53166034254,1.00036881565,0.0164650238688
368,2519,2.54318319241,1.00037061909,0.0140749479476
369,2519,2.89517693952,1.00042210027,0.0133400554458
370,2571,4.20557215543,1.00055885324,0.0346623893033
371,2519,1.98219521949,1.00027165457,0.0121863136002
372,2519,4.4413238043,1.00059205788,0.0128515616882
373,2519,3.39104487358,1.0004848885,0.0136118976738
374,2242,4.72619982829,1.00069297928,0.0161241055514
375,2049,3.88233991254,1.00066221919,0.0167648532883
376,2519,3.20635302444,1.00046264536,0.0119076236478
377,2519,4.08749693981,1.00055908151,0.0222827136955
378,2519,1.10845652453,1.00004087758,0.0230450534055
379,1113,3.35223892537,1.00108740882,0.0180850536941
380,2519,0.914321718496,0.999964441768,0.0540470826682
381,2519,2.80052940787,1.00040889996,0.0187330767684
382,1303,3.24749512996,1.0009043872,0.020207784611
383,1011,2.90280489108,1.00105463831,0.0135842669505
384,2519,2.47340432181,1.00035957057,0.0218461343385
385,428,0.845588204206,0.999608201086,0.024293624447
386,2519,2.84363772319,1.00041496663,0.017626459426
387,2276,6.70904350649,1.00083666633,0.0198611612411
388,2519,2.2816220947,1.00032751954,0.014139228008
389,2519,10.9834498614,1.00095177841,0.0222773818874
390,2519,3.76263205346,1.0005261879,0.0166012168457
391,440,1.17188780092,1.00036055579,0.0182264103089
392,2519,3.36553172197,1.00048188898,0.0135067359625
393,2519,2.77320908561,1.00040500663,0.0239125067484
394,2519,3.43990573051,1.0004905705,0.0183306654464
395,2519,4.27549137099,1.00057694248,0.0156018861754
396,2519,2.28224698639,1.00032762828,0.0142996287369
397,1584,5.5570639633,1.00108333253,0.0179269595885
398,2519,3.98356869105,1.00054885167,0.0241928148671
399,2519,4.564976884,1.00060296593,0.0183580044368
400,369,0.96875,0.999913963868,0.0264333036521
401,2519,0.806349640894,0.999914557905,0.0230117553083
402,1265,3.28820528205,1.00094142461,0.0148161104894
403,2519,2.14048882023,1.00030216324,0.0176612418434
404,2519,1.11910007416,1.00004467145,0.0210992280195
405,2519,4.44403302239,1.00059230011,0.0213391608074
406,745,1.34967050271,1.00040257832,0.0165271561375
407,2519,4.34722979726,1.00058355202,0.0175366333915
408,2519,5.60568503037,1.00068454593,0.0265171047949
409,2519,4.46821102953,1.00059445534,0.0160192905022
410,2434,1.68673708953,1.00021481187,0.0209252238087
411,472,1.56326526531,1.00094700905,0.0174243065661
412,1602,4.02155697782,1.00086908476,0.0172684667706
413,2519,3.16389174384,1.00045735062,0.0243962582253
414,2519,1.76965745615,1.00022661797,0.0168176610866
415,346,0.935175936421,0.999806317602,0.0205510035702
416,2393,1.11222305218,1.00004444761,0.0231883679041
417,2519,3.40460526316,1.00048647359,0.0247368656353
418,2519,2.05679865276,1.00028632551,0.0169600894989
419,2519,1.52841387765,1.00016842646,0.0272625683331
420,343,1.32211178271,1.00081441394,0.030216068774
421,2519,3.86056411085,1.00053639364,0.0174168824266
422,2519,3.42987193783,1.00048941028,0.019361099956
423,1823,9.3520002,1.00122707712,0.0169950958244
424,2519,2.48327623611,1.00036115244,0.0198061437503
425,2519,1.59748742079,1.00018597681,0.0213616894971
426,2519,1.98552148646,1.00027232036,0.0246651674928
427,2519,2.82237143571,1.00041198539,0.0273496033958
428,2519,2.10233693982,1.0002950215,0.0160854183794
429,2519,1.67252700644,1.00020420332,0.0402752592822
430,2519,1.36887380884,1.00012465579,0.0208446398887
431,2519,2.9420739123,1.00042848191,0.0225410643436
432,606,1.88467652922,1.00104634936,0.0158431178979
433,2519,2.30028740017,1.00033075499,0.0271409637033
434,2217,2.0232253717,1.00031790932,0.0194397988654
435,954,0.896962883676,0.999886022433,0.0153918326267
436,2519,0.64933587921,0.999828595413,0.03142983067
437,2519,1.40928085426,1.000136206,0.0329183668398
438,1458,1.6534234064,1.00034494832,0.0188142849291
439,388,1.10950003889,1.00026784385,0.0139552066306
440,2504,3.51393846407,1.00050201793,0.0211977861271
441,1067,1.04216151513,1.00003870453,0.0177106776723
442,2442,2.37110426388,1.00035360705,0.0254842129971
443,2519,2.23919146346,1.00032006504,0.0197141577263
444,452,1.58954051645,1.0010258466,0.0150012958855
445,2571,1.69432275904,1.00020510976,0.0176846378612
446,2443,14.1735865319,1.00108588597,0.0282532388058
447,2519,2.57956015746,1.0003762593,0.0184927966355
448,2519,1.63636256749,1.00019552361,0.0197421561954
449,1927,14.9778521244,1.0014055393,0.0220398998654
450,2519,3.3628330383,1.00048157038,0.0180299347429
451,2519,2.60585285239,1.00038028667,0.0213017843229
452,2519,6.11407129401,1.00071903285,0.0304007315952
453,2519,3.17298597467,1.00045849058,0.018807041599
454,2519,2.81435560334,1.00041085584,0.0236252150913
455,2519,17.7803850312,1.0011432079,0.0311216887044
456,2519,2.38252267106,1.00034470405,0.0360328299221
457,2519,2.87929310742,1.00041991538,0.0188767298636
458,2504,2.74461033479,1.00040329181,0.0178888079412
459,2519,2.87355140607,1.00041912262,0.0215188502126
460,2519,3.06689463446,1.00044498406,0.0184890841836
461,2519,2.25832671348,1.00032344418,0.0200489376401
462,566,0.973863580288,0.999953209493,0.0296242770753
463,2519,1.01178041262,1.0000046493,0.0271130389187
464,2519,0.484881024958,0.999712684504,0.0416472489727
465,2519,1.7582292849,1.00022404543,0.0293618727478
466,2519,1.94106974663,1.00026332932,0.0258434327115
467,2519,4.2595634319,1.00057545995,0.028675195763
468,2519,1.62098241358,1.000191774,0.0316216605843
469,2519,0.130314032679,0.9991913521,0.0468801052113
470,2519,3.41208624604,1.00048734535,0.0217019778128
471,2519,3.21433831818,1.00046363326,0.0191769322516
472,2519,3.1263641812,1.00045261162,0.0220444551291
473,2519,2.71262976383,1.00039623511,0.0178231288133
474,2519,2.26852664905,1.00032523373,0.0198073279395
475,2519,3.08211702909,1.00044695047,0.0245427888099
476,1526,3.57960230815,1.00083603192,0.0206683382047
477,2519,3.70092714922,1.00051962022,0.0233952061975
478,2519,1.88102946905,1.0002508529,0.0160251044611
479,2519,3.87770311508,1.00053815309,0.0152249449973
480,2519,2.58293742797,1.0003767789,0.015486086292
481,2519,3.06528400243,1.00044477543,0.0146228399543
482,2519,1.9835475879,1.00027192539,0.0135741116509
483,2519,4.53251956304,1.00060013157,0.0198966354626
484,2519,6.66604321796,1.00075337076,0.0263038937247
485,2519,2.24426716505,1.00032096418,0.0148438472508
486,2519,2.40735589868,1.00034882184,0.0180148745652
487,2519,2.53252138022,1.0003689507,0.0202552296092
488,2519,3.40624984375,1.0004866654,0.0331450265875
489,915,2.43817097416,1.00097451623,0.0731060226537
490,2519,1.43447838411,1.00014324221,0.0170669078351
491,885,1.03849918434,1.00004268631,0.0152820679093
492,2519,1.61457869022,1.00019020231,0.0363336374651
493,2437,2.76756535948,1.00041780084,0.0199919874588
494,2519,0.320595338143,0.999548503869,0.0346524984618
495,2519,1.72960131317,1.000217527,0.020596533883
496,2519,0.689641705607,0.999852498738,0.0371939008363
497,2519,2.0097816695,1.00027714284,0.015217426579
498,2519,2.17161732826,1.00030789662,0.0130293372581
499,2519,2.21809773402,1.00031630645,0.0151258003702
500,2519,2.84026871754,1.00041449583,0.0125324992869
501,2519,1.70459225497,1.00021174371,0.023024317391
502,2519,6.28563193725,1.00073002671,0.0260725215918
503,2519,2.23685812449,1.00031965102,0.0140107532134
504,2519,1.49556740818,1.00015980065,0.0169912319877
505,2459,2.3853542437,1.00035359957,0.0184265767577
506,2519,7.37803921569,1.00079368833,0.0196361084109
507,2519,4.27223215971,1.00057663957,0.01922779713
508,2519,3.30825176433,1.00047507108,0.0130699339457
509,2519,1.99728080003,1.00027466521,0.0156908547022
510,2519,1.38825445351,1.00013023761,0.0224687339471
511,2519,3.14502791065,1.00045497555,0.0186571917126
512,2519,7.03972685259,1.00077503991,0.0183451990345
513,2519,1.91328984016,1.0002576053,0.017999412432
514,2519,4.13282183159,1.00056346175,0.0207966619287
515,2519,3.41089934218,1.00048720717,0.0161752312407
516,2519,7.28780171537,1.00078879921,0.0310289009953
517,2519,10.9753889896,1.00095148668,0.0377384198532
518,2519,3.99929496562,1.00055041664,0.0170077025142
519,2400,3.17436625352,1.00048141084,0.0315934533695
520,871,1.37997844456,1.00036983632,0.0269367694941
521,2519,9.30854996283,1.00088603475,0.0321541633941
522,2519,0.902954545455,0.999959475587,0.0266970176827
523,2519,2.58907663403,1.0003777217,0.0201045802824
524,538,0.466666666667,0.998584385731,0.0337551434912
525,2519,1.20127892626,1.00007280406,0.0293175873147
526,2519,1.29709624984,1.00010327175,0.0230876799438
527,2519,1.73323040553,1.00021835927,0.0262089159863
528,2519,0.99929908741,0.999999721652,0.0263833739384
529,2519,1.31446411193,1.00010855256,0.0304042549646
530,2519,2.59882006464,1.00037921342,0.029393070171
531,2519,1.93339588018,1.00026175636,0.0269651714685
532,2519,0.286514445778,0.999503907802,0.036364998105
533,2519,0.155839327775,0.999262308849,0.0301281878249
534,2519,2.88005913638,1.00042002103,0.0334549311721
535,2519,0.331920845514,0.999562279728,0.0267274777088
536,918,0.442325078217,0.999111821466,0.0235423502978
537,2519,0.202682437519,0.999366570343,0.0303852472661
538,2519,1.41161970486,1.00013686438,0.0273613664626
539,2519,1.25514255487,1.00009021811,0.0321012023668
540,2519,0.466145047862,0.999697045332,0.0338426716313
541,2519,0.419730747729,0.999655421886,0.0337939476931
542,2519,1.23109902435,1.00008253905,0.0268706041131
543,2519,0.491416688391,0.999717998143,0.0305598264253
544,2519,0.228722811084,0.999414524598,0.0311877772477
545,2519,3.98281379447,1.00054877639,0.0119179318452
546,2519,4.14448377646,1.00056458101,0.0205207928273
547,2519,0.851854158269,0.999936349806,0.0453940847262
548,2519,1.63318779544,1.00019475251,0.022334008748
549,2519,3.73989931653,1.00052378091,0.0178587174437
550,831,1.34935351747,1.0003606253,0.0151683351504
551,2519,2.28539180856,1.00032817511,0.02206807623
552,2519,2.64873109556,1.00038676818,0.0325210354474
553,2519,0.384431360496,0.999620560286,0.040926744875
554,2519,7.10105155878,1.00077848582,0.0252506778704
555,2519,1.88503284918,1.00025169711,0.0344225298909
556,1058,2.04638959071,1.00067705052,0.0198857778971
557,2519,2.83517548002,1.00041378302,0.0218316956526
558,831,1.68478910936,1.00062792317,0.0135517834248
559,2519,2.93230957034,1.00042716162,0.0312526524719
560,2519,10.9008066242,1.00094877723,0.0251706640583
561,1863,1.92785714286,1.00035240191,0.0169842840228
562,697,2.3259051629,1.00121179429,0.0167223800526
563,2519,1.53905679318,1.00017118168,0.0218209636941
564,1736,7.92016437303,1.00119276836,0.0158969411201
565,2519,4.43171424945,1.0005911975,0.0209825696994
566,2519,3.16113561753,1.00045700449,0.0201219514091
567,2519,3.78653331913,1.000528703,0.025329336642
568,1430,2.19464669961,1.00054981618,0.0150927221976
569,851,0.765922539765,0.999686683363,0.0188852496891
570,2519,1.56823714628,1.00017863928,0.0189096940519
571,2519,0.90885287475,0.999962060247,0.0251954431485
572,2519,1.75050553016,1.00022229728,0.0275183536338
573,2519,2.82155320559,1.00041187023,0.0196541890553
574,2519,2.05432880093,1.00028584838,0.0141640449314
575,2519,5.06154701753,1.00064398344,0.0191253522583
576,2519,1.9560470452,1.00026638149,0.019197997186
577,2497,2.3163817129,1.00033646282,0.0361543160945
578,2519,3.81819143856,1.00053201001,0.0221907286609
579,2519,4.27822870483,1.00057719671,0.0219216186036
580,2519,2.86603377072,1.00041808226,0.0196729998627
581,2519,0.964594566984,0.999985689898,0.0468666762498
582,2519,1.96973212647,1.00026914997,0.0463616492898
583,2519,2.00404929966,1.00027600862,0.018346415109
584,2519,2.55277684427,1.00037211436,0.025047326101
585,2519,3.735773925,1.00052334254,0.0199698064748
586,2519,1.54761748146,1.00017338408,0.0201697042676
587,2519,10.1870127629,1.00092186716,0.0298234043458
588,2519,5.93212890736,1.00070703155,0.0270934940308
589,2519,3.35040768906,1.00048010014,0.0391293455178
590,2519,1.80000008734,1.00023336852,0.0317707155096
591,2519,6.66446464925,1.00075327667,0.0247316466279
592,189,0.399817674945,0.995161233366,0.0344873486724
593,2519,2.01571437143,1.0002783133,0.0222488809339
594,2519,2.55304744169,1.00037215646,0.0249035343524
595,2519,1.90087702644,1.00025502075,0.0240411944554
596,1472,4.59480519481,1.00103649219,0.0256113020988
597,2519,1.04154929577,1.00001616103,0.0519793727427
598,2519,2.01333824213,1.00027784493,0.0188598844378
599,2519,4.8209701214,1.0006246393,0.0179759291678
600,2519,3.41522252315,1.00048771026,0.0185925324649
601,2519,1.92137373381,1.0002592795,0.0221331895945
602,259,0.444090269627,0.99687082338,0.0276658414451
603,2519,2.78777945821,1.00040708775,0.02453748348
604,2519,2.57497229459,1.00037555235,0.0259173000779
605,2519,1.78067814059,1.00022908311,0.0329755008619
606,2519,4.60915522662,1.00060679164,0.0182503390069
607,2519,1.40386565713,1.00013467743,0.01942588859
608,2519,0.999385473477,0.999999755969,0.0253429781891
609,2519,2.99825823727,1.00043599479,0.0271258547986
610,2438,3.70499992857,1.00053734007,0.0351492077285
611,2519,1.37319323418,1.00012590664,0.0362597039724
612,1331,1.57479336468,1.00034124834,0.025364189085
613,2519,1.37733299077,1.00012710177,0.0253651763332
614,2519,1.80281338897,1.00023398864,0.0254361571613
615,2519,1.00637652076,1.00000252334,0.0237342489155
616,2519,3.16586007964,1.00045759763,0.0217255244585
617,2519,3.45872351657,1.00049273731,0.0190948501655
618,2519,0.969478829154,0.999987694938,0.033407995187
619,2498,1.23276474559,1.00008377429,0.031422932574
620,2519,4.46747954889,1.00059439031,0.0259051914335
621,2519,3.70379548285,1.00051992793,0.023043327764
622,2519,2.48716401428,1.00036177369,0.0328365270472
623,2519,1.3285504415,1.00011278463,0.0259013510729
624,2519,0.376561897262,0.999612352708,0.0448478552691
625,2519,2.11051654167,1.00029656351,0.037941092382
626,2519,1.81960211262,1.00023766931,0.0372841107391
627,541,0.545864248519,0.998881614837,0.0221222434981
628,2519,3.50837257551,1.00049839819,0.0242560195274
629,2519,0.558074149772,0.999768481175,0.0433861613906
630,2519,3.44833079474,1.00049154208,0.01717373706
631,2519,2.19117730194,1.00031145738,0.0153319855642
632,2519,2.56777491285,1.00037444076,0.0182026054453
633,2519,3.82140727747,1.0005323444,0.0144692414646
634,2519,3.09856444613,1.00044906425,0.0154624443736
635,2519,3.77113918251,1.00052708492,0.0142063878302
636,2519,4.56917014636,1.00060333064,0.0150313651359
637,2519,11.139931523,1.00095739969,0.0195429100139
638,2519,1.71877392481,1.00021503352,0.0165526285043
639,2519,2.30801565675,1.00033208694,0.01488292407
640,2519,1.12474257835,1.0000466681,0.031571475218
641,1518,5.61469763716,1.00113726526,0.0156545418586
642,2519,1.85560431287,1.0002454491,0.0263905154069
643,2519,2.52079605299,1.00036710776,0.0172965089802
644,2519,2.85761703805,1.00041691423,0.0297172013421
645,2519,2.78791191016,1.00040710662,0.0276757312839
646,2519,6.35823701248,1.00073458931,0.0239571283737
647,1679,3.01649687992,1.00065780779,0.0166759607748
648,2519,1.26019140986,1.00009181192,0.0254282489291
649,2519,3.17199478129,1.00045836649,0.0239336967971
650,2519,0.765374637218,0.99989385643,0.0380275845437
651,2519,1.34224132931,1.00011685512,0.0269021306906
652,2519,2.60642953332,1.00038037454,0.0251764647802
653,2519,1.42564887528,1.0001407908,0.0318003962409
654,2519,1.26777003578,1.0000941924,0.0239185417855
655,2519,1.85908810899,1.0002461939,0.0250369315335
656,2519,2.7643796405,1.00040374017,0.028763097762
657,2519,1.7841974309,1.0002298671,0.023439603522
658,2519,3.08153857109,1.00044687592,0.0241575030221
659,2496,1.36750971879,1.00012540504,0.022751423945
660,2519,1.80201629333,1.00023381304,0.0290354764679
661,2519,1.51093745807,1.0001638603,0.0287306675007
662,2519,1.88090559714,1.00025082675,0.0223131470243
663,2519,2.98793561277,1.00043462508,0.0287658672839
664,2519,0.163419196767,0.999281149081,0.043385005262
665,2519,1.27064236342,1.00009509089,0.0273389265351
666,2519,1.65691096436,1.00020047861,0.0269142851218
667,2519,0.454026932736,0.999686591894,0.0307070033255
668,2519,1.3072823169,1.0001063774,0.0231815949383
669,1026,0.950442286252,0.999950461424,0.0183206521384
670,1602,1.46577174737,1.00023871881,0.0209108720344
671,640,0.894651559481,0.999826076133,0.0227249233514
672,2519,0.0609021655224,0.99888966549,0.0487416932497
673,2519,2.87710555031,1.00041961353,0.0187354312255
674,2519,1.05572167771,1.00002152647,0.0315406917606
675,2519,3.31588770156,1.00047598676,0.0159029916933
676,2519,2.97719903714,1.00043319541,0.0187548982204
677,2519,1.54223931529,1.00017200187,0.0344564608821
678,2519,3.54716093689,1.00050276531,0.0147383550453
679,2519,1.95900639691,1.0002669818,0.0273122454151
680,2519,1.777430803,1.00022835833,0.0221418638274
681,2519,2.68839393987,1.00039267095,0.0182461433262
682,2519,0.628475466387,0.999815634986,0.0464530384244
683,2519,1.08160377905,1.00003114178,0.019862125824
684,2519,2.01832468459,1.0002788272,0.0199143527238
685,2519,1.35743689677,1.00012132466,0.0356740372512
686,2519,2.63163048833,1.0003841959,0.0192332936498
687,2519,1.13294933166,1.00004955433,0.0415352535418
688,2519,2.84388176872,1.00041500071,0.0251603244915
689,2519,0.757039297252,0.99988950983,0.0410002880369
690,2519,4.16876880774,1.00056690169,0.0140157039114
691,2519,1.44912086226,1.00014727447,0.0260539728656
692,2519,3.02467479798,1.00043947867,0.0148176482902
693,2519,2.40680120253,1.00034873033,0.0267461178226
694,2519,1.69446811794,1.00020937837,0.0185991370596
695,2519,3.042753333,1.00044184542,0.0167244842885
696,2519,2.95560564518,1.00043030438,0.021599795067
697,2519,2.49251845657,1.00036262771,0.0164007976084
698,2519,3.58516835883,1.00050699844,0.0216718126116
699,2153,2.97747741685,1.00050689872,0.0201460795436
700,2519,2.13839356192,1.00030177434,0.0235405703393
701,2519,1.79824296322,1.00023298071,0.0157435358946
702,2519,3.39092371569,1.00048487431,0.0159001375506
703,2519,2.58151327594,1.00037655987,0.0177131625967
704,2519,1.58463571871,1.0001827696,0.0248479972165
705,2519,3.32705476404,1.00047732208,0.0153806648126
706,2516,3.44198855718,1.00049139628,0.0177622651285
707,2519,4.88055824494,1.00062951907,0.0246453956835
708,1723,2.38370553954,1.00050428046,0.0176506189906
709,2519,1.61941320507,1.00019138944,0.0198422459448
710,2435,3.60463437475,1.00052671786,0.0175740210121
711,2519,2.42629634368,1.00035193407,0.0173130150391
712,2519,1.58762622719,1.00018351821,0.0387972647514
713,2519,4.33698753814,1.00058261507,0.0171934532313
714,2519,1.28004134958,1.00009801686,0.0234203023322
715,2519,1.9617602473,1.00026753962,0.0179115933358
716,2519,2.47290348616,1.00035949015,0.0185052809582
717,2519,3.30870812439,1.00047512586,0.0175545005072
718,2519,1.9867387846,1.00027256373,0.0236918657798
719,2519,2.43071654635,1.00035265688,0.0183270282775
720,2519,2.40498188824,1.00034843003,0.0214748642127
721,2519,3.28522420175,1.00047229685,0.0151552637612
722,1745,5.99906793735,1.00102723447,0.0217323491415
723,2519,2.33544368045,1.00033677837,0.0167512266252
724,2519,2.545386737,1.00037096303,0.0176722148988
725,2519,3.79662689867,1.00052976037,0.0180902688215
726,2519,5.51337311574,1.00067794968,0.0173493354575
727,2519,3.2986135087,1.00047391227,0.0218067955617
728,2519,3.21533447978,1.00046375633,0.028315696925
729,2519,3.46364254665,1.00049330178,0.0161818483574
730,2519,1.28295333572,1.00009891903,0.0318972674792
731,2519,2.93474335289,1.00042749111,0.0236991027519
732,2519,4.76850884381,1.00062029299,0.0178852020235
733,2519,2.21857252909,1.00031639144,0.0262334594904
734,2519,3.33000326949,1.00047767391,0.0182540063521
735,600,1.55180727711,1.00073263531,0.0172771833762
736,2519,4.31166254035,1.00058028881,0.0314941382047
737,2519,4.06834754108,1.00055721629,0.023663457626
738,2519,5.45457843502,1.00067369064,0.0284945066533
739,2519,2.60082104762,1.00037951907,0.0330261220666
740,2519,12.9908384825,1.00101847954,0.0241339280763
741,2519,2.72490890346,1.00039802877,0.0204332117989
742,2519,1.78997568434,1.00023115098,0.0373859773775
743,2519,1.59882124362,1.0001863082,0.0246595343631
744,867,1.085,1.00009409899,0.0315004650236
745,2519,2.86443281807,1.00041786035,0.0148114505252
746,2519,2.14498525424,1.00030299654,0.0123708780869
747,2519,2.14894071855,1.00030372815,0.010890386975
748,2519,2.55968577077,1.00037318772,0.0125078831024
749,2519,2.06891496577,1.00028865789,0.0137763183153
750,2519,1.97601691394,1.00027041494,0.0135636945464
751,2519,0.773443185482,0.99989801907,0.0169762331805
752,2519,2.40831816093,1.00034898055,0.0147183534775
753,2519,1.38756791809,1.00013004121,0.0150258987149
754,2519,2.11080920963,1.00029661857,0.0147616658129
755,2519,2.38047870241,1.00034436321,0.0111048038962
756,2519,1.54330550233,1.00017227627,0.016159190498
757,2519,2.68289373713,1.00039185761,0.0119359554605
758,2519,3.38523473752,1.00048420741,0.0118626473809
759,2519,2.48166412005,1.00036089454,0.0135015114298
760,2519,3.2466699694,1.00046760824,0.013560522013
761,2519,0.751790789523,0.999886748295,0.0164797935874
762,2519,1.08466761898,1.00003226475,0.0145330269998
763,2252,4.89909248671,1.00070586623,0.0139591477615
764,324,1.24789398192,1.00068374388,0.0141125023383
765,2519,1.76151960898,1.00022478781,0.0145460434247
766,2519,3.4636443932,1.00049330199,0.0138879408717
767,2519,2.29458690605,1.00032976966,0.0127503009459
768,2519,2.37779763157,1.00034391569,0.0154904384145
769,2519,2.59315257164,1.0003783464,0.0140971673268
770,2519,2.71316731252,1.0003963138,0.0131460311772
771,2519,3.73999872661,1.00052379147,0.0152139876352
772,2519,3.07064885747,1.00044546993,0.0134730033498
773,2519,3.71361602356,1.00052097968,0.0131438068524
774,2519,3.6829615841,1.00051768743,0.0141484625035
775,2519,0.569250667546,0.999776351174,0.0252319403595
776,2519,2.54196816564,1.00037042931,0.0157439880163
777,2519,2.31867290278,1.0003339164,0.014712282364
778,2323,0.669696969697,0.999827423437,0.0259863235787
779,2519,1.77518819243,1.00022785702,0.0185039828599
780,2519,1.39891719401,1.00013327546,0.013964858263
781,2519,1.26672977637,1.00009386649,0.0189435860717
782,2519,0.560197686863,0.999769988527,0.0263727997877
783,2519,3.19981801274,1.00046183505,0.0133699255003
784,2519,2.08923530791,1.00029253906,0.0139594632946
785,2519,1.7569148334,1.00022374846,0.0291424695061
786,1602,1.18241238537,1.0001045977,0.0183332242978
787,1702,11.6492256027,1.00144360251,0.0328542061854
788,1350,4.01849145158,1.00103083211,0.0169604655556
789,1861,5.38010027932,1.00090460397,0.0172462844887
790,2519,1.26414248963,1.00009305475,0.026768862243
791,2519,1.18020636564,1.00006577799,0.0319164600287
792,2519,2.36384814785,1.00034157911,0.0255615960279
793,2519,3.28267550829,1.0004719886,0.0234062395724
794,2519,3.20332333226,1.0004622699,0.0265520787822
795,1634,2.91798009041,1.00065559524,0.019315026817
796,2519,3.4046618768,1.0004864802,0.018132764435
797,2519,3.11765431288,1.0004515036,0.0230544173943
798,2519,3.2851224469,1.00047228455,0.0200712536075
799,2519,5.14116152756,1.0006501831,0.0241009728678
800,2519,1.66192519116,1.00020167841,0.0220223154356
801,2519,4.09351825104,1.0005596662,0.0236418142291
802,2519,4.08172271957,1.00055852,0.0224314544912
803,2519,5.82205828351,1.00069959111,0.0241376534546
804,2519,2.28859968681,1.00032873212,0.0198354525689
805,2519,1.02233329481,1.00000876842,0.041792737883
806,873,1.33490270288,1.00033093494,0.0128144694742
807,2519,1.38366093738,1.0001289217,0.0275018986265
808,2519,1.14365608667,1.00005328853,0.0294084803182
809,2519,1.83170632977,1.00024030197,0.0290551931636
810,2519,2.3753873151,1.00034351294,0.0264272521291
811,2519,2.34837182514,1.0003389706,0.022002654125
812,1124,0.880206057443,0.999886483985,0.0185171955764
813,1611,3.08552631579,1.00069963771,0.0190984482882
814,1058,2.80779664068,1.00097627971,0.0157296482023
815,468,1.14165846913,1.00028312127,0.0214537405115
816,2519,1.89925325859,1.00025468141,0.0236928275893
817,2519,2.03431006776,1.00028195984,0.0216419602078
818,759,1.23033458383,1.00027314158,0.0151236302342
819,2519,0.821229028288,0.99992181598,0.0370480602781
820,2519,1.84843241138,1.00024391141,0.0209648296419
821,2519,3.27571980956,1.00047114614,0.0164892509696
822,2519,2.61787686677,1.00038211492,0.0218966739973
823,2519,5.04250535283,1.0006424862,0.0279130308749
824,2519,1.77192892666,1.00022712731,0.0232588529089
825,2519,3.05716338943,1.00044372187,0.0197050291344
826,2519,2.73888632544,1.0004000607,0.0225224401538
827,2519,3.34383141033,1.00047931979,0.0202448703574
828,2519,2.48999247672,1.00036222505,0.0194878336255
829,2519,2.48584887543,1.00036156364,0.0198893757679
830,2519,4.36342924203,1.00058502945,0.0192709400486
831,1375,2.25435553646,1.0005913487,0.0146301532189
832,2519,5.97373147295,1.00070980788,0.023966087621
833,2519,4.58161082388,1.00060441071,0.0225767767013
834,2519,2.80059475334,1.00040890923,0.0265642577163
835,2519,3.2603520971,1.00046927847,0.0184855490012
836,2435,2.44272617316,1.00036684949,0.0245329965531
837,2519,5.94360321618,1.00070779922,0.0240179194742
838,2519,5.53966148464,1.00067983932,0.0187362182788
839,2519,2.90416658585,1.00042333152,0.0193621983745
840,1270,1.68620513559,1.00041148662,0.0155700067377
841,2519,2.91862737207,1.00042530416,0.0201299533854
842,2519,1.73044851253,1.00021772145,0.0271043237683
843,2519,3.49766215153,1.00049718381,0.0214292263827
844,2241,1.86952371429,1.00027923742,0.0314561531607
845,2519,2.3395048885,1.00033746833,0.0216415639616
846,2519,1.43636943751,1.00014376528,0.0340672903054
847,2519,0.390718624802,0.999626997884,0.0249121733053
848,2519,1.48272270566,1.00015637589,0.031353280645
849,2519,2.57883289443,1.00037614732,0.0267754506925
850,250,1.28648655405,1.00100816746,0.0205597270709
851,2519,0.451319428757,0.999684218221,0.038207329453
852,2519,2.96612745001,1.00043171572,0.0139730242611
853,1555,1.79134631879,1.00037496898,0.0148631399996
854,2519,2.96851006838,1.00043203461,0.01598362051
855,2519,4.11886764218,1.00056211834,0.0161854338994
856,1884,2.98089647248,1.00057990486,0.0126645216462
857,2519,4.15573397851,1.00056565777,0.0162155728552
858,2519,2.03286314983,1.0002816773,0.0166854607575
859,2519,6.39041767824,1.00073659494,0.019157296122
860,446,1.50984244094,1.00092420552,0.0178359647271
861,1838,4.18024005128,1.00077852306,0.016005506756
862,2519,4.4394265233,1.00059188816,0.0165097806493
863,2519,1.6352694507,1.00019525828,0.0243973704661
864,2519,1.59495401385,1.00018534663,0.0219682905172
865,2519,1.39521613564,1.00013222364,0.0162203429198
866,2519,0.501126272697,0.999725763228,0.0206019346062
867,2519,0.601762483304,0.999798395689,0.0261732696224
868,2519,2.44968064303,1.00035574316,0.0206021588013
869,2519,1.02425173681,1.00000951268,0.0184083362
870,2519,2.27066785474,1.00032560838,0.0294109443175
871,2519,0.89177421326,0.999954529695,0.027130376783
872,2519,1.96028893841,1.00026724169,0.0258692847171
873,2519,1.28799726113,1.00010047686,0.0254982894051
874,2519,1.19924649935,1.0000721318,0.0245421062968
875,2519,0.523901434376,0.999743402631,0.0363773405146
876,2519,0.490166253839,0.999716986998,0.0299128194087
877,2519,1.8708009038,1.00024868778,0.0227819834624
878,2519,3.44518598367,1.0004911797,0.0162294106645
879,447,0.870732663061,0.999690382885,0.0220090196977
880,2519,1.68157415398,1.00020634536,0.021013472726
881,2519,2.12479939807,1.00029924183,0.0174644073744
882,2519,1.69057777846,1.00020846569,0.0192905827847
883,2519,5.2678040646,1.00065984984,0.021633367082
884,2519,2.0380343193,1.00028268615,0.0329406982175
885,2519,1.85357650751,1.00024501493,0.0290700209668
886,2519,2.70366958804,1.00039492114,0.0156795264965
887,2519,1.89900971233,1.00025463049,0.0166858011936
888,2519,1.94823053939,1.00026479152,0.0154456953354
889,1129,3.19539473684,1.00102950267,0.017416674283
890,2519,2.57771937162,1.0003759758,0.0275651551221
891,2519,2.76521221231,1.00040385977,0.040124976998
892,2519,2.45625069536,1.00035680682,0.0258541866188
893,2519,0.780244954815,0.999901494584,0.0275516651533
894,2519,2.64169956516,1.00038571251,0.0154098918565
895,2519,2.690660912,1.00039300569,0.02281830917
896,2519,0.367697708339,0.999602899777,0.039225556098
897,2519,0.813513900451,0.99991806915,0.0322754904264
Unnamed: 896,1049,1.77811125888,1.00054881757,0.014909458845
